cam0:
  T_cam_imu:
  - [0.03865249720250802, -0.9992383183105036, 0.005363551063290173, 0.00015272869888201493]
  - [-0.002667665067546565, -0.00547073058698716, -0.9999814771634191, 0.0002249172766887777]
  - [0.9992491521252842, 0.03863747309080934, -0.0028770905546200987, -0.0008877444884514282]
  - [0.0, 0.0, 0.0, 1.0]
  cam_overlaps: []
  camera_model: pinhole
  distortion_coeffs: [0.1291228378020443, -0.03684228363722069, 0.18502686077307315,
    -0.05051992734194789]
  distortion_model: equidistant
  intrinsics: [572.3947758608177, 575.3033303977511, 469.3877502235681, 264.72022544258954]
  resolution: [960, 500]
  rostopic: /camera/image_raw
  timeshift_cam_imu: 0.03566437940557042
